Accuracy: 0.9649122807017544
Precision: 0.9811320754716981
Recall: 0.9629629629629629